1258 1158 1058 1058 958 958 858 858 816 758 758 658 658 658 658 616 558 558 458 458 458 458 458 416 358 358 258 258 258 258 258 216 158 158 58 58 58 58 58 16
1258 1158 1058 1058 958 958 858 858 816 758 758 658 658 658 658 616 558 558 458 458 458 458 458 416 358 358 258 258 258 258 258 216 158 158 58 58 58 58 58 16
1258 1158 1058 1058 958 958 858 858 816 758 758 658 658 658 658 616 558 558 458 458 458 458 458 416 358 358 258 258 258 258 258 216 158 158 58 58 58 58 58 16
1258 1158 1058 1058 958 958 858 858 816 758 758 658 658 658 658 616 558 558 458 458 458 458 458 416 358 358 258 258 258 258 258 216 158 158 58 58 58 58 58 16
1258 1058 1032 900 900 858 832 758 700 700 658 632 600 558 500 500 500 458 432 400 358 300 300 300 258 232 200 158 100 100 100 58 58 32 -0
1258 1058 1032 900 900 858 832 758 700 700 658 632 600 558 500 500 500 458 432 400 358 300 300 300 258 232 200 158 100 100 100 58 58 32 -0
1258 1058 1032 900 900 858 832 758 700 700 658 632 600 558 500 500 500 458 432 400 358 300 300 300 258 232 200 158 100 100 100 58 58 32 -0
1258 1058 1032 900 900 858 832 758 700 700 658 632 600 558 500 500 500 458 432 400 358 300 300 300 258 232 200 158 100 100 100 58 58 32 -0
1258 1058 1032 900 900 858 832 758 700 700 658 632 600 558 500 500 500 458 432 400 358 300 300 300 258 232 200 158 100 100 100 58 58 32 -0
1258 1058 1032 900 900 858 832 758 700 700 658 632 600 558 500 500 500 458 432 400 358 300 300 300 258 232 200 158 100 100 100 58 58 32 -0
1258 1058 1032 900 900 858 832 758 700 700 658 632 600 558 500 500 500 458 432 400 358 300 300 300 258 232 200 158 100 100 100 58 58 32 -0
1258 1058 1032 900 900 858 832 758 700 700 658 632 600 558 500 500 500 458 432 400 358 300 300 300 258 232 200 158 100 100 100 58 58 32 -0
1258 1058 1032 900 900 858 832 758 700 700 658 632 600 558 500 500 500 458 432 400 358 300 300 300 258 232 200 158 100 100 100 58 58 32 -0
1258 1058 1032 900 900 858 832 758 700 700 658 632 600 558 500 500 500 458 432 400 358 300 300 300 258 232 200 158 100 100 100 58 58 32 -0
1258 1058 1032 900 900 858 832 758 700 700 658 632 600 558 500 500 500 458 432 400 358 300 300 300 258 232 200 158 100 100 100 58 58 32 -0
1258 1058 1032 900 900 858 832 758 700 700 658 632 600 558 500 500 500 458 432 400 358 300 300 300 258 232 200 158 100 100 100 58 58 32 -0
1258 1058 1032 900 900 858 832 758 700 700 658 632 600 558 500 500 500 458 432 400 358 300 300 300 258 232 200 158 100 100 100 58 58 32 -0
1258 1058 1032 900 900 858 832 758 700 700 658 632 600 558 500 500 500 458 432 400 358 300 300 300 258 232 200 158 100 100 100 58 58 32 -0
1258 1058 1032 900 900 858 832 758 700 700 658 632 600 558 500 500 500 458 432 400 358 300 300 300 258 232 200 158 100 100 100 58 58 32 -0
1258 1058 1032 900 900 858 832 758 700 700 658 632 600 558 500 500 500 458 432 400 358 300 300 300 258 232 200 158 100 100 100 58 58 32 -0
